1790759815.845218428 91577136 1
1790759816.111421248 91580704 1
1790759816.371559207 91581184 1
1790759816.630149075 91581680 1
1790759816.888497693 91581808 1
1790759817.146416809 91588704 1
1790759817.409427405 91589264 1
1790759817.667538063 91589504 1
1790759817.926761893 91589888 1
1790759818.190127325 91589888 1
1790759818.448559276 91589888 1
1790759818.711507080 91590336 1
1790759818.969864906 91590336 1
1790759819.232966461 91591056 1
1790759819.495883306 91591056 1
1790759819.754365049 91591072 1
1790759820.012894292 91590848 1
1790759820.276240473 91590624 1
1790759820.544964344 91590400 1
1790759820.804139631 91590640 1
1790759821.073950091 91591232 1
1790759821.333246545 91591216 1
1790759821.597572272 91590992 1
1790759821.857403979 91591232 1
1790759822.116066263 91592064 1
1790759822.373916585 91307184 1
1790759822.636187178 90098208 1
1790759822.894349418 88897776 1
1790759823.152370741 88641312 1
1790759823.422381868 88319728 1
1790759823.692564537 88319728 1
1790759823.959681567 88319504 1
1790759824.218431227 88319504 1
1790759824.477830222 88319488 1
1790759824.735729128 88319488 1
1790759824.999210933 88319488 1
1790759825.257661174 88319488 1
1790759825.517223379 88319472 1
1790759825.780983060 88319232 1
1790759826.044206239 88318992 1
1790759826.303695402 88318992 1
1790759826.565480574 88444304 1
1790759826.823791814 88444848 1
1790759827.087772663 88444368 1
1790759827.346353654 88444368 1
1790759827.604890437 88444368 1
1790759827.868838286 88444128 1
1790759828.127026942 88450016 1
1790759828.390286495 88449568 1
1790759828.648432359 88449328 1
1790759828.911916331 88449232 1
1790759829.175087925 88449696 1
1790759829.433324665 88448976 1
1790759829.698075058 88448752 1
1790759829.956714799 88448544 1
1790759830.216398670 88448704 1
1790759830.479875974 88448704 1
1790759830.742740359 88448704 1
1790759831.004424238 88448464 1
1790759831.263027312 88447984 1
1790759831.526067864 88447760 1
1790759831.792358430 88447536 1
1790759832.050958379 88447536 1
1790759832.314373016 88447312 1
1790759832.573004298 88447312 1
1790759832.832530792 88447312 1
1790759833.097439019 88447088 1
1790759833.355444297 88447088 1
1790759833.618880434 88447088 1
1790759833.881385691 88446400 1
1790759834.139692930 88446400 1
1790759834.397954085 88446160 1
1790759834.657151952 88446160 1
1790759834.916048652 88446160 1
1790759835.175189894 88446160 1
1790759835.439943244 88446160 1
1790759835.703505131 88445696 1
1790759835.965735012 88445712 1
1790759836.224331668 88445488 1
1790759836.487224051 88445488 1
1790759836.745288413 88445872 1
1790759837.008449631 88445648 1
1790759837.270387677 88430064 1
1790759837.533182684 88430064 1
1790759837.799134040 91125696 1
1790759838.058102489 91658416 1
1790759838.316153850 91658176 1
1790759838.580134821 91658256 1
1790759838.842624869 91658304 1
1790759839.105550711 91658304 1
1790759839.368367885 91658064 1
1790759839.626744747 91658096 1
1790759839.885278444 91658864 1
1790759840.143009304 91658864 1
1790759840.401353124 91658864 1
1790759840.660240322 91658864 1
1790759840.922246576 91658416 1
1790759841.179869768 91658416 1
1790759841.438530923 91658416 1
1790759841.701775224 91658416 1
1790759841.965159858 91658416 1
1790759842.224124598 91658416 1
1790759842.482163292 91658176 1
1790759842.745600468 91658176 1
1790759843.008569684 91657856 1
1790759843.269450974 91657632 1
1790759843.527017790 91657424 1
1790759843.784966650 91657648 1
1790759844.042837134 91657648 1
1790759844.300766244 91657664 1
1790759844.560264610 91657664 1
1790759844.824281622 91658384 1
1790759845.083267403 91658384 1
1790759845.344095234 91658160 1
1790759845.603799934 91658160 1
1790759845.862429338 91658176 2
1790759846.119412693 91152432 2
1790759846.380555025 90822576 2
1790759846.639418847 89905280 2
1790759846.902344686 89706352 2
1790759847.160189795 89537072 2
1790759847.418535989 89470448 2
1790759847.682783626 89508528 2
1790759847.946467136 89508528 2
1790759848.208134594 89515424 2
1790759848.466981249 89516224 2
1790759848.725377985 89516224 2
1790759848.984102764 89516000 2
1790759849.241927372 89515296 2
1790759849.505217004 89515408 2
1790759849.764239492 89515440 2
1790759850.023246689 89517984 2
1790759850.285888568 89518208 2
1790759850.548218571 89517968 2
1790759850.810620282 89518864 2
1790759851.068455640 89518624 2
1790759851.327818755 89518624 2
1790759851.586109448 89518384 2
1790759851.849261454 89518624 2
1790759852.108128149 89518624 2
1790759852.371289656 89518752 2
1790759852.630182309 89518512 2
1790759852.889166714 89518960 2
1790759853.146952196 89518960 2
1790759853.409677741 89518480 2
1790759853.672406579 89518688 2
1790759853.935404584 89519632 2
1790759854.197316292 89519632 2
1790759854.459962254 89519408 2
1790759854.718667907 89519168 2
1790759854.977658769 89519104 2
1790759855.235808627 89519488 2
1790759855.494333903 89519248 2
1790759855.753121223 89518800 2
1790759856.017115815 89518576 2
1790759856.275552633 89518576 2
1790759856.538943972 89518576 2
1790759856.807218334 89518576 2
1790759857.066290612 89519088 2
1790759857.324980598 89491344 2
1790759857.583192289 88388016 2
1790759857.844198493 87105472 2
1790759858.103491480 86567392 2
1790759858.362499717 86253712 2
1790759858.631500706 86253488 2
1790759858.901093489 86253248 2
1790759859.159744849 86251824 2
1790759859.418354333 86250880 2
1790759859.681869173 86250896 2
1790759859.940339573 86250896 2
1790759860.198576098 86250896 2
1790759860.456772372 86250896 2
1790759860.716955196 86250448 2
1790759860.981319997 86250208 2
1790759861.240263316 86250208 2
1790759861.499011717 86250192 2
1790759861.758249287 86250224 2
1790759862.020960290 86249536 2
1790759862.279744941 86249312 2
1790759862.539062261 86249312 2
1790759862.802719392 86249312 2
1790759863.066704358 86249088 2
1790759863.329433443 86249088 2
1790759863.596060754 86249072 2
1790759863.856122244 86248848 2
1790759864.116980613 86248624 2
1790759864.376043848 86248624 2
1790759864.634741373 86248400 2
1790759864.893014813 86248176 2
1790759865.151451587 86248176 2
1790759865.410647365 86248176 2
1790759865.674182578 86248176 2
1790759865.933191563 86248176 2
1790759866.196729526 86247472 2
1790759866.455534385 86247248 2
1790759866.714071492 86247248 2
1790759866.973384895 86246560 2
1790759867.232781173 86246560 2
1790759867.490259109 86246560 2
1790759867.749056717 86246560 2
1790759868.007174823 86246336 2
1790759868.266673018 86246336 2
1790759868.530564315 86246112 2
1790759868.789056089 86245888 2
1790759869.048112948 86245888 2
1790759869.307736268 86245648 2
1790759869.571055188 86245664 2
1790759869.833466229 86245664 2
1790759870.092466505 86245664 2
1790759870.351288529 86245440 2
1790759870.615647912 86245440 2
1790759870.873778434 86245440 2
1790759871.137699647 86245216 2
1790759871.396513880 86245200 2
1790759871.657223705 86245200 2
1790759871.921226127 86245200 2
1790759872.179778275 86244976 2
1790759872.438687758 86244752 2
1790759872.697120072 86244752 2
1790759872.955454386 86244736 2
1790759873.213550240 86244752 2
1790759873.477167327 86244272 2
1790759873.741649918 86244272 2
1790759873.999951773 86251952 2
1790759874.267337377 86252224 2
1790759874.536417780 86252224 2
1790759874.804976013 86252000 2
1790759875.063884829 86259680 2
1790759875.323446439 86259728 2
1790759875.581664210 86259728 2
1790759875.839915940 86259504 2
1790759876.097919710 86267184 2
1790759876.361235753 86266960 2
1790759876.619581108 86266960 2
1790759876.877292043 86266736 2
1790759877.135078520 86275664 2
1790759877.393130540 86276016 2
1790759877.661397521 86276064 2
1790759877.925162233 86742192 1
1790759878.189026362 91408560 1
1790759878.449922519 91704784 1
1790759878.709366670 91705024 1
1790759878.972529962 91709904 1
1790759879.235171294 91709904 1
1790759879.497927667 91710480 1
1790759879.759980413 91710480 1
1790759880.021773907 91711520 1
1790759880.283368900 91712528 1
1790759880.545174561 91713136 1
1790759880.807563350 91713744 1
1790759881.070245598 91714528 1
1790759881.337908243 91714592 1
1790759881.601395827 91714592 1
1790759881.863156863 91714672 1
1790759882.126522780 91714432 1
1790759882.384913384 91714432 1
1790759882.653851701 91714672 1
1790759882.912597931 91714432 1
1790759883.170854201 91714432 1
1790759883.440096102 91714192 1
1790759883.705660696 91713952 1
1790759883.974457345 91713728 1
1790759884.232916157 91713728 1
1790759884.491023884 91713728 1
1790759884.753995049 91713504 1
1790759885.016305170 91713264 1
1790759885.275768319 91713040 1
1790759885.533549170 91712816 1
1790759885.800484310 91712576 1
