1790757479.881354519 75899920 4
1790757480.142461912 75902048 4
1790757480.401674430 75901824 4
1790757480.665208534 75901840 4
1790757480.923928843 75908736 4
1790757481.182966278 75910672 4
1790757481.441411088 75910448 4
1790757481.706133277 75910448 4
1790757481.964699045 75910208 4
1790757482.223246482 75917888 4
1790757482.481659585 75917888 4
1790757482.748202110 75917904 4
1790757483.006176046 75919840 4
1790757483.270805696 75919840 4
1790757483.529851551 75919840 4
1790757483.793598325 75920224 4
1790757484.052029138 75920000 4
1790757484.311136661 75919984 4
1790757484.569880892 75919984 4
1790757484.833583584 75920288 4
1790757485.102293154 75895632 4
1790757485.365231681 75895632 4
1790757485.628412707 75896096 4
1790757485.892048401 75894944 4
1790757486.150162842 75894960 4
1790757486.408246867 75840640 4
1790757486.671716895 74702256 4
1790757486.930959295 73419008 4
1790757487.188222862 72984224 4
1790757487.446888056 72624464 4
1790757487.706193999 72624464 4
1790757487.966021193 72623808 4
1790757488.224742846 72623584 4
1790757488.483870499 72623648 4
1790757488.742789194 72624304 4
1790757489.006514975 72624064 4
1790757489.265862171 72623840 4
1790757489.524709408 72623840 4
1790757489.783511396 72623840 4
1790757490.041965717 72623840 4
1790757490.305650417 72623616 4
1790757490.568873408 72715600 4
1790757490.831727983 72715632 4
1790757491.095750267 72716000 4
1790757491.355282758 72715776 4
1790757491.613913289 72715776 4
1790757491.873147822 72716016 4
1790757492.143243528 72716320 4
1790757492.413952568 72716320 4
1790757492.677180687 72716096 4
1790757492.941034515 72715872 4
1790757493.204537094 72715872 4
1790757493.463341253 72715648 4
1790757493.725582831 72715424 4
1790757493.989418744 72715536 4
1790757494.253097241 72715312 4
1790757494.511837526 72715312 4
1790757494.771584354 72715536 4
1790757495.030425432 72715312 4
1790757495.288543927 72715312 4
1790757495.552271925 72715312 4
1790757495.815565631 72715312 4
1790757496.074607419 72715392 4
1790757496.335204500 72715392 4
1790757496.595146122 72715392 4
1790757496.858672080 72715184 4
1790757497.122004955 72714512 4
1790757497.385398039 72714288 4
1790757497.644213204 72714288 4
1790757497.907525371 72713840 4
1790757498.170067414 72714544 4
1790757498.427630912 72714544 4
1790757498.687073370 72714480 4
1790757498.951473914 72714976 4
1790757499.215012626 72714752 4
1790757499.473605001 72714752 4
1790757499.737115463 72714512 4
1790757500.003487635 72608880 4
1790757500.275212603 72852384 4
1790757500.535961939 75762656 4
1790757500.793816649 75762448 4
1790757501.053008943 75771776 4
1790757501.322615036 75772352 4
1790757501.582046164 75772128 4
1790757501.841092834 75771792 4
1790757502.099639379 75778688 4
1790757502.359452425 75779248 4
1790757502.617221721 75779248 4
1790757502.875692975 75780160 4
1790757503.136277272 75780400 4
1790757503.396935279 75780176 4
1790757503.667071667 75779296 4
1790757503.926267256 75786976 4
1790757504.189907349 75787584 4
1790757504.449152981 75787136 4
1790757504.718376745 75794592 4
1790757504.976427542 75795296 4
1790757505.240148595 75798224 4
1790757505.502536106 75798224 4
1790757505.760951905 75798720 4
1790757506.021131956 75798048 4
1790757506.279226006 75788816 4
1790757506.543821394 75789056 4
1790757506.807763657 75789264 4
1790757507.071694628 75800976 4
1790757507.336108976 75800976 4
1790757507.595133403 75800976 4
1790757507.859049500 75800528 4
1790757508.117079678 75808592 4
1790757508.385312946 75792928 5
1790757508.649795711 75310352 5
1790757508.906670889 75009472 5
1790757509.169038778 73970656 5
1790757509.435741714 73833728 5
1790757509.699555063 73671312 5
1790757509.958636452 73634048 5
1790757510.222451927 73691824 5
1790757510.481304817 73691824 5
1790757510.745572960 73690576 5
1790757511.004321474 73690352 5
1790757511.270083411 73698032 5
1790757511.529482427 73699520 5
1790757511.798250324 73699520 5
1790757512.057466382 73698624 5
1790757512.317673066 73698624 5
1790757512.576520291 73698624 5
1790757512.835891100 73698160 5
1790757513.100584705 73705872 5
1790757513.370602439 73705872 5
1790757513.628992290 73705872 5
1790757513.887914016 73706592 5
1790757514.151925705 73706272 5
1790757514.417727438 73706032 5
1790757514.676444832 73706032 5
1790757514.934825601 73705584 5
1790757515.192838203 73705360 5
1790757515.453005725 73705696 5
1790757515.722534378 73705248 5
1790757515.993137157 73705024 5
1790757516.256271598 73705024 5
1790757516.520574374 73705024 5
1790757516.789510444 73704800 5
1790757517.056052472 73704128 5
1790757517.319231040 73704128 5
1790757517.583490192 73704128 5
1790757517.842098381 73703904 5
1790757518.105522908 73703696 5
1790757518.363975681 73703696 5
1790757518.627129000 73703696 5
1790757518.890625528 73703680 5
1790757519.149596344 73703232 5
1790757519.414755916 73703008 5
1790757519.672787191 73697296 5
1790757519.929444881 73620032 5
1790757520.187729657 72503792 5
1790757520.451583729 71192064 5
1790757520.710459339 70764832 5
1790757520.968726573 70420112 5
1790757521.237714317 70419888 5
1790757521.502564391 70417984 5
1790757521.766423339 70417536 5
1790757522.027216660 70416816 5
1790757522.286992648 70416816 5
1790757522.546042427 70416816 5
1790757522.809226959 70416368 5
1790757523.073781993 70415920 5
1790757523.332936607 70415696 5
1790757523.592487387 70415472 5
1790757523.852015210 70415472 5
1790757524.116548036 70415248 5
1790757524.375673818 70415248 5
1790757524.640139812 70415248 5
1790757524.909312601 70415024 5
1790757525.173058762 70413120 5
1790757525.431930211 70413120 5
1790757525.690412494 70411216 5
1790757525.948254151 70410992 5
1790757526.210978437 70409824 5
1790757526.478432061 70409824 5
1790757526.736714553 70409600 5
1790757526.996367504 70408912 5
1790757527.264989421 70408688 5
1790757527.528455043 70408464 5
1790757527.787966954 70408464 5
1790757528.052580119 70417360 5
1790757528.311648488 70418512 5
1790757528.570967275 70418288 5
1790757528.829493269 70418048 5
1790757529.087941347 70425760 5
1790757529.352772348 70425760 5
1790757529.611729010 70425536 5
1790757529.875573176 70433168 5
1790757530.134169048 70433264 5
1790757530.397833090 70431584 5
1790757530.662697175 70431584 5
1790757530.922735506 70439040 5
1790757531.183913464 70439440 5
1790757531.448486300 70438992 5
1790757531.706995048 70438992 5
1790757531.963843586 70445024 5
1790757532.228839507 70445264 5
1790757532.498860265 70445264 5
1790757532.758999266 70445264 5
1790757533.018604516 70453568 5
1790757533.277277391 70454016 5
1790757533.537288309 70454000 5
1790757533.801349731 70453552 5
1790757534.064598735 70461232 5
1790757534.324968571 70461760 5
1790757534.583935573 70461296 5
1790757534.847734537 70479952 5
1790757535.112334377 70479952 5
1790757535.371085297 70479728 5
1790757535.631327593 70479504 5
1790757535.893065348 70479056 5
1790757536.155649729 70486496 5
1790757536.419418321 70486256 5
1790757536.682709454 70486016 5
1790757536.942744417 70485568 5
1790757537.201183338 70486736 5
1790757537.465166389 70486736 5
1790757537.729003065 70486512 5
1790757537.987519987 70485376 5
1790757538.246129035 70485376 5
1790757538.505403333 70485376 5
1790757538.763816589 70485152 5
1790757539.022441263 70484208 5
1790757539.287172900 70483984 5
1790757539.550295911 70483984 5
1790757539.809228044 70872512 4
1790757540.066941551 75761552 4
1790757540.326705560 75960000 4
1790757540.585863944 75960000 4
1790757540.844902453 75959296 4
1790757541.108101716 75958848 4
1790757541.371383563 75958624 4
1790757541.637812705 75958624 4
1790757541.897585549 75958400 4
1790757542.156700726 75958224 4
1790757542.414959153 75958304 4
1790757542.673116872 75958304 4
1790757542.931377383 75958096 4
1790757543.188588102 75958096 4
1790757543.452233660 75958096 4
1790757543.711086547 75957872 4
1790757543.974315146 75958128 4
1790757544.232789451 75958928 4
1790757544.490483547 75958928 4
1790757544.749111602 75958928 4
1790757545.007997532 75958960 4
1790757545.266024754 75958736 4
1790757545.524541060 75958512 4
1790757545.788702704 75958288 4
1790757546.047034094 75958960 4
1790757546.309951321 75958512 4
1790757546.572898216 75958512 4
1790757546.836500694 75958288 4
1790757547.095200793 75958288 4
1790757547.359003231 75958080 4
1790757547.617530873 75958080 4
