1789232229 0.19 0.79 1.03
1789232239 0.32 0.80 1.03
1789232249 0.27 0.77 1.02
1789232259 0.31 0.76 1.01
1789232269 0.41 0.77 1.01
1789232279 0.51 0.78 1.01
1789232289 0.50 0.77 1.00
1789232299 0.50 0.76 1.00
1789232309 0.43 0.74 0.99
1789232319 0.43 0.73 0.98
1789232329 0.52 0.74 0.98
1789232339 0.52 0.73 0.98
1789232349 0.52 0.72 0.97
1789232359 0.59 0.73 0.97
1789232369 0.65 0.74 0.97
1789232379 0.63 0.73 0.97
1789232389 0.60 0.73 0.96
1789232399 0.59 0.72 0.96
1789232409 0.64 0.73 0.96
1789232419 0.62 0.72 0.95
1789232429 0.68 0.73 0.96
1789232439 0.65 0.72 0.95
1789232449 0.70 0.73 0.95
1789232459 0.75 0.74 0.95
1789232469 0.79 0.75 0.95
1789232479 0.82 0.76 0.95
1789232489 0.78 0.75 0.95
1789232499 0.74 0.74 0.95
1789232509 0.78 0.75 0.95
1789232519 0.74 0.74 0.94
1789232529 0.70 0.73 0.94
1789232539 0.76 0.74 0.94
1789232549 0.72 0.74 0.93
