== ../2026-09-14-jw16-max-gpu-attribution/profile-m1053-t32.jsonl.gz
   device=Apple M1 Max (G13C C0) dispatches=8782 submissions=69
   dispatches per submission: [236, 236, 93, 214, 35, 214, 35, 214, 35, 214, 35, 214, 35, 214, 35, 214, 35, 214, 35, 214, 35, 214, 35, 214, 35, 214, 35, 214, 35, 214, 35, 214, 35, 214, 35, 214, 35, 214, 35, 214, 35, 214, 35, 214, 35, 214, 35, 214, 35, 214, 35, 214, 35, 214, 35, 214, 35, 214, 35, 214, 35, 214, 35, 214, 35, 214, 35, 214, 35]

== host vkQueueSubmit duration vs dispatch count
    sub  disp  vkQueueSubmit us  us/disp
      1   236           11830.2    50.13
      2   236            6161.0    26.11
      3    93            1934.1    20.80
      4   214            5358.2    25.04
      5    35             664.3    18.98
      6   214            4180.2    19.53
      7    35            1238.8    35.40
      8   214            3845.3    17.97
      9    35             868.8    24.82
     10   214            4583.5    21.42
     11    35             463.8    13.25
     12   214            4788.9    22.38
     13    35             600.3    17.15
     14   214            4435.4    20.73
     15    35            1033.5    29.53
     16   214            5172.0    24.17
     17    35             516.5    14.76
     18   214            5173.0    24.17
     19    35             450.0    12.86
     20   214            4496.3    21.01
     21    35             448.0    12.80
     22   214            5090.7    23.79
     23    35             604.0    17.26
     24   214            4690.2    21.92
     25    35             501.0    14.31
     26   214            4425.6    20.68
     27    35             962.6    27.50
     28   214            4163.0    19.45
     29    35            1019.5    29.13
     30   214            5519.0    25.79
     31    35            1039.3    29.69
     32   214            5015.9    23.44
     33    35             523.5    14.96
     34   214            5478.6    25.60
     35    35             476.5    13.62
     36   214            4757.2    22.23
     37    35             590.2    16.86
     38   214            5494.7    25.68
     39    35             434.9    12.43
     40   214            5229.8    24.44
     41    35             533.1    15.23
     42   214            4996.5    23.35
     43    35             495.1    14.15
     44   214            5307.1    24.80
     45    35             514.5    14.70
     46   214            5269.4    24.62
     47    35             532.8    15.22
     48   214            5255.9    24.56
     49    35             887.1    25.35
     50   214            5205.6    24.33
     51    35             541.2    15.46
     52   214            5380.0    25.14
     53    35             516.8    14.77
     54   214            5225.1    24.42
     55    35             523.9    14.97
     56   214            5756.8    26.90
     57    35             480.0    13.71
     58   214            5083.5    23.75
     59    35             476.8    13.62
     60   214            5226.0    24.42
     61    35             902.9    25.80
     62   214            5302.3    24.78
     63    35            1019.1    29.12
     64   214            4514.3    21.09
     65    35             994.1    28.40
     66   214            3584.0    16.75
     67    35             867.3    24.78
     68   214            4689.6    21.91
     69    35             643.7    18.39
   median-pair slope over all submissions: 25.73 us/dispatch, intercept -334.9 us/submission

== last decode token (submissions [68, 69]), 249 dispatches
   kernel                         n  /layer            grids (wg)  bracketed ms   share
   QmmVecQ4MultiSubgroupF16      96   4.000 112x48,144x24,1216x24         4.152   38.7%
   SdpaDecodeNativeF16           24   1.000                 14x24         1.649   15.4%
   FastRopeF16                   48   2.000             1x24,2x24         1.582   14.8%
   FastRmsNormF16                49   2.042                  1x49         1.484   13.8%
   SwigluF16                     24   1.000                  5x24         0.524    4.9%
   QmmVecQ4WordSubgroupF16        1   0.042               18992x1         0.420    3.9%
   LogSumExpF16                   1   0.042                   1x1         0.397    3.7%
   ArgReduceF16                   1   0.042                   1x1         0.284    2.7%
   TakeF16                        2   0.083                   1x2         0.075    0.7%
   ElementwiseF16                 1   0.042                 594x1         0.069    0.6%
   TakeU32                        1   0.042                   1x1         0.042    0.4%
   DequantF16                     1   0.042                   1x1         0.039    0.4%
   dispatches launching <=14 workgroups: 151/249 (60.6%); exactly 1 workgroup: 79
   distinct binding footprint: 235.59 MB over 829 (buffer,offset,range) triples
   host dispatch-record cost: 0.176 ms/token, p50 0.71 us
   bracketed busy 10.718 ms, span 16.690 ms, intra gaps n=247 total 5.842 ms p50 13.2 us
   NOT A PRICE: bracketed busy and span both exceed the clean-run
   wall for this leg, so no per-dispatch duration here is usable.

