<frozen site>:101: RuntimeWarning: Unexpected value in sys.prefix, expected /home/joshuawarren/src/recover-venv-diag, got /home/joshuawarren/src/mlx-recover-dense-20260908/../recover-venv-diag
<frozen site>:101: RuntimeWarning: Unexpected value in sys.exec_prefix, expected /home/joshuawarren/src/recover-venv-diag, got /home/joshuawarren/src/mlx-recover-dense-20260908/../recover-venv-diag
== profile receipts/2026-09-08-recover-dense-bf16/raw/profile_bf16_ctx1024.jsonl
   device=Apple M1 (G13G B1) period=1.0ns valid_bits=64
   dispatches=26428 submissions=1761 joins=1728
   phases=['load_start', 'load_done', 'prefill_start', 'prefill_done', 'decode_start', 'tok', 'decode_done']

== GPU busy fraction: 7.13% (busy 656.949ms / span 9211.469ms)
   gaps intra-submission: n=24715 total=7037.416ms p50=42.6us p90=731.8us p99=4.035ms max=23.938ms
   gaps inter-submission: n=1712 total=1517.104ms p50=694.1us p90=791.6us p99=3.475ms max=57.068ms
   gap histogram (ns decade: count): {'1e5': 16293, '1e6': 9611, '1e7': 393, '1e8': 130}

== top kernels by cumulative GPU time
   MatmulBF16                 n=5648   total=180.553ms  share= 27.5% mean=32.0us    p50=31.2us
   CastBF16F32                n=4076   total=122.106ms  share= 18.6% mean=30.0us    p50=27.3us
   FastRopeF32                n=1631   total=88.687ms   share= 13.5% mean=54.4us    p50=72.7us
   CopyGeneralBF16            n=3380   total=62.344ms   share=  9.5% mean=18.4us    p50=12.5us
   CastF32BF16                n=2446   total=58.161ms   share=  8.9% mean=23.8us    p50=24.5us
   ElementwiseBF16            n=4108   total=54.419ms   share=  8.3% mean=13.2us    p50=11.8us
   ElementwiseF32             n=838    total=25.197ms   share=  3.8% mean=30.1us    p50=15.4us
   MatmulF32                  n=1607   total=24.993ms   share=  3.8% mean=15.6us    p50=15.0us
   FastRmsNormBF16            n=1664   total=22.193ms   share=  3.4% mean=13.3us    p50=11.0us
   SoftmaxF32                 n=815    total=10.741ms   share=  1.6% mean=13.2us    p50=11.6us
   MatmulBF16Coopmat          n=92     total=4.089ms    share=  0.6% mean=44.5us    p50=44.8us
   LogSumExpBF16              n=33     total=994.8us    share=  0.2% mean=30.1us    p50=29.6us
   ArgReduceBF16              n=33     total=946.5us    share=  0.1% mean=28.7us    p50=28.2us
   MatmulF32Coopmat           n=23     total=847.6us    share=  0.1% mean=36.9us    p50=36.2us
   TakeBF16                   n=34     total=677.4us    share=  0.1% mean=19.9us    p50=20.0us
   dependency proxy [decode]: 5952/23993 consecutive pairs fully disjoint (24.8% - compute-binding disjointness only; transfer/fill/alias deps invisible, not a barrier-correctness bound)
   dependency proxy [all]: 6572/26427 consecutive pairs fully disjoint (24.9% - compute-binding disjointness only; transfer/fill/alias deps invisible, not a barrier-correctness bound)

== host-side costs (instrumented)
   join wait    n=1728 total=6419.073ms p50=433.0us p90=3.518ms max=130.037ms
   join inval   n=1728 total=458.8us p50=250ns max=4.5us
   submit()     n=1761 total=1686.180ms p50=426.5us max=4.971ms
   dispatch record (host) n=26428 total=55.994ms p50=1.8us mean=2.1us

== dispatches per submission (in submit order)
   [5, 0, 4, 2, 30, 0, 4, 2, 30, 0, 4, 2, 30, 0, 4, 2, 30, 0, 4, 2, 30, 0, 4, 2, 30, 0, 4, 2, 30, 0, 4, 2, 30, 0, 4, 2, 30, 0, 4, 2, 30, 0, 4, 2, 30, 0, 4, 2, 30, 0, 4, 2, 30, 0, 4, 2, 30, 0, 4, 2, 30, 0, 4, 2, 30, 0, 4, 2, 30, 0, 4, 2, 30, 0, 4, 2, 30, 0, 4, 2, 30, 0, 4, 2, 30, 0, 4, 2, 30, 0, 4, 2, 29, 0, 4, 2, 5, 5, 25, 5, 25, 5, 25, 5, 25, 5, 25, 5, 25, 5, 25, 5, 25, 5, 25, 5, 25, 5, 25, 5, 25, 5, 25, 5, 25, 5, 25, 5, 25, 5, 25, 5, 25, 5, 25, 5, 25, 5, 25, 5, 25, 5, 25, 5, 26, 5, 0, 2, 7, 27, 0, 2, 7, 27, 0, 2, 7, 27, 0, 2, 7, 27, 0, 2, 7, 27, 0, 2, 7, 27, 0, 2, 7, 27, 0, 2, 7, 27, 0, 2, 7, 27, 0, 2, 7, 27, 0, 2, 7, 27, 0, 2, 7, 27, 0, 2, 7, 27, 0, 2, 7, 27, 0, 2, 7, 27, 0, 2, 7, 27, 0, 2, 7, 27, 0, 2, 7, 27, 0, 2, 7, 27, 0, 2, 7, 27, 0, 2, 7, 27, 0, 2, 7, 27, 0, 2, 7, 27, 0, 2, 7, 28, 5, 5, 27, 5, 27, 5, 27, 5, 27, 5, 27, 5, 27, 5, 27, 5, 27, 5, 27, 5, 27, 5, 27, 5, 27, 5, 27, 5, 27, 5, 27, 5, 27, 5, 27, 5, 27, 5, 27, 5, 27, 5, 27, 5, 27, 5, 27, 5, 28, 5, 5, 27, 5, 27, 5, 27, 5, 27, 5, 27, 5, 27, 5, 27, 5, 27, 5, 27, 5, 27, 5, 27, 5, 27, 5, 27, 5, 27, 5, 27, 5, 27, 5, 27, 5, 27, 5, 27, 5, 27, 5, 27, 5, 27, 5, 27, 5, 28, 5, 5, 27, 5, 27, 5, 27, 5, 27, 5, 27, 5, 27, 5, 27, 5, 27, 5, 27, 5, 27, 5, 27, 5, 27, 5, 27, 5, 27, 5, 27, 5, 27, 5, 27, 5, 27, 5, 27, 5, 27, 5, 27, 5, 27, 5, 27, 5, 28, 5, 5, 27, 5, 27, 5, 27, 5, 27, 5, 27, 5, 27, 5, 27, 5, 27, 5, 27, 5, 27, 5, 27, 5, 27, 5, 27, 5, 27, 5, 27, 5, 27, 5, 27, 5, 27, 5, 27, 5, 27, 5, 27, 5, 27, 5, 27, 5, 28, 5, 5, 27, 5, 27, 5, 27, 5, 27, 5, 27, 5, 27, 5, 27, 5, 27, 5, 27, 5, 27, 5, 27, 5, 27, 5, 27, 5, 27, 5, 27, 5, 27, 5, 27, 5, 27, 5, 27, 5, 27, 5, 27, 5, 27, 5, 27, 5, 28, 5, 5, 27, 5, 27, 5, 27, 5, 27, 5, 27, 5, 27, 5, 27, 5, 27, 5, 27, 5, 27, 5, 27, 5, 27, 5, 27, 5, 27, 5, 27, 5, 27, 5, 27, 5, 27, 5, 27, 5, 27, 5, 27, 5, 27, 5, 27, 5, 28, 5, 5, 27, 5, 27, 5, 27, 5, 27, 5, 27, 5, 27, 5, 27, 5, 27, 5, 27, 5, 27, 5, 27, 5, 27, 5, 27, 5, 27, 5, 27, 5, 27, 5, 27, 5, 27, 5, 27, 5, 27, 5, 27, 5, 27, 5, 27, 5, 28, 5, 5, 27, 5, 27, 5, 27, 5, 27, 5, 27, 5, 27, 5, 27, 5, 27, 5, 27, 5, 27, 5, 27, 5, 27, 5, 27, 5, 27, 5, 27, 5, 27, 5, 27, 5, 27, 5, 27, 5, 27, 5, 27, 5, 27, 5, 27, 5, 28, 5, 5, 27, 5, 27, 5, 27, 5, 27, 5, 27, 5, 27, 5, 27, 5, 27, 5, 27, 5, 27, 5, 27, 5, 27, 5, 27, 5, 27, 5, 27, 5, 27, 5, 27, 5, 27, 5, 27, 5, 27, 5, 27, 5, 27, 5, 27, 5, 28, 5, 5, 27, 5, 27, 5, 27, 5, 27, 5, 27, 5, 27, 5, 27, 5, 27, 5, 27, 5, 27, 5, 27, 5, 27, 5, 27, 5, 27, 5, 27, 5, 27, 5, 27, 5, 27, 5, 27, 5, 27, 5, 27, 5, 27, 5, 27, 5, 28, 5, 5, 27, 5, 27, 5, 27, 5, 27, 5, 27, 5, 27, 5, 27, 5, 27, 5, 27, 5, 27, 5, 27, 5, 27, 5, 27, 5, 27, 5, 27, 5, 27, 5, 27, 5, 27, 5, 27, 5, 27, 5, 27, 5, 27, 5, 27, 5, 28, 5, 5, 27, 5, 27, 5, 27, 5, 27, 5, 27, 5, 27, 5, 27, 5, 27, 5, 27, 5, 27, 5, 27, 5, 27, 5, 27, 5, 27, 5, 27, 5, 27, 5, 27, 5, 27, 5, 27, 5, 27, 5, 27, 5, 27, 5, 27, 5, 28, 5, 5, 27, 5, 27, 5, 27, 5, 27, 5, 27, 5, 27, 5, 27, 5, 27, 5, 27, 5, 27, 5, 27, 5, 27, 5, 27, 5, 27, 5, 27, 5, 27, 5, 27, 5, 27, 5, 27, 5, 27, 5, 27, 5, 27, 5, 27, 5, 28, 5, 5, 27, 5, 27, 5, 27, 5, 27, 5, 27, 5, 27, 5, 27, 5, 27, 5, 27, 5, 27, 5, 27, 5, 27, 5, 27, 5, 27, 5, 27, 5, 27, 5, 27, 5, 27, 5, 27, 5, 27, 5, 27, 5, 27, 5, 27, 5, 28, 5, 5, 27, 5, 27, 5, 27, 5, 27, 5, 27, 5, 27, 5, 27, 5, 27, 5, 27, 5, 27, 5, 27, 5, 27, 5, 27, 5, 27, 5, 27, 5, 27, 5, 27, 5, 27, 5, 27, 5, 27, 5, 27, 5, 27, 5, 27, 5, 28, 5, 5, 27, 5, 27, 5, 27, 5, 27, 5, 27, 5, 27, 5, 27, 5, 27, 5, 27, 5, 27, 5, 27, 5, 27, 5, 27, 5, 27, 5, 27, 5, 27, 5, 27, 5, 27, 5, 27, 5, 27, 5, 27, 5, 27, 5, 27, 5, 28, 5, 5, 27, 5, 27, 5, 27, 5, 27, 5, 27, 5, 27, 5, 27, 5, 27, 5, 27, 5, 27, 5, 27, 5, 27, 5, 27, 5, 27, 5, 27, 5, 27, 5, 27, 5, 27, 5, 27, 5, 27, 5, 27, 5, 27, 5, 27, 5, 28, 5, 5, 27, 5, 27, 5, 27, 5, 27, 5, 27, 5, 27, 5, 27, 5, 27, 5, 27, 5, 27, 5, 27, 5, 27, 5, 27, 5, 27, 5, 27, 5, 27, 5, 27, 5, 27, 5, 27, 5, 27, 5, 27, 5, 27, 5, 27, 5, 28, 5, 5, 27, 5, 27, 5, 27, 5, 27, 5, 27, 5, 27, 5, 27, 5, 27, 5, 27, 5, 27, 5, 27, 5, 27, 5, 27, 5, 27, 5, 27, 5, 27, 5, 27, 5, 27, 5, 27, 5, 27, 5, 27, 5, 27, 5, 27, 5, 28, 5, 5, 27, 5, 27, 5, 27, 5, 27, 5, 27, 5, 27, 5, 27, 5, 27, 5, 27, 5, 27, 5, 27, 5, 27, 5, 27, 5, 27, 5, 27, 5, 27, 5, 27, 5, 27, 5, 27, 5, 27, 5, 27, 5, 27, 5, 27, 5, 28, 5, 5, 27, 5, 27, 5, 27, 5, 27, 5, 27, 5, 27, 5, 27, 5, 27, 5, 27, 5, 27, 5, 27, 5, 27, 5, 27, 5, 27, 5, 27, 5, 27, 5, 27, 5, 27, 5, 27, 5, 27, 5, 27, 5, 27, 5, 27, 5, 28, 5, 5, 27, 5, 27, 5, 27, 5, 27, 5, 27, 5, 27, 5, 27, 5, 27, 5, 27, 5, 27, 5, 27, 5, 27, 5, 27, 5, 27, 5, 27, 5, 27, 5, 27, 5, 27, 5, 27, 5, 27, 5, 27, 5, 27, 5, 27, 5, 28, 5, 5, 27, 5, 27, 5, 27, 5, 27, 5, 27, 5, 27, 5, 27, 5, 27, 5, 27, 5, 27, 5, 27, 5, 27, 5, 27, 5, 27, 5, 27, 5, 27, 5, 27, 5, 27, 5, 27, 5, 27, 5, 27, 5, 27, 5, 27, 5, 28, 5, 5, 27, 5, 27, 5, 27, 5, 27, 5, 27, 5, 27, 5, 27, 5, 27, 5, 27, 5, 27, 5, 27, 5, 27, 5, 27, 5, 27, 5, 27, 5, 27, 5, 27, 5, 27, 5, 27, 5, 27, 5, 27, 5, 27, 5, 27, 5, 28, 5, 5, 27, 5, 27, 5, 27, 5, 27, 5, 27, 5, 27, 5, 27, 5, 27, 5, 27, 5, 27, 5, 27, 5, 27, 5, 27, 5, 27, 5, 27, 5, 27, 5, 27, 5, 27, 5, 27, 5, 27, 5, 27, 5, 27, 5, 27, 5, 28, 5, 5, 27, 5, 27, 5, 27, 5, 27, 5, 27, 5, 27, 5, 27, 5, 27, 5, 27, 5, 27, 5, 27, 5, 27, 5, 27, 5, 27, 5, 27, 5, 27, 5, 27, 5, 27, 5, 27, 5, 27, 5, 27, 5, 27, 5, 27, 5, 28, 5, 5, 27, 5, 27, 5, 27, 5, 27, 5, 27, 5, 27, 5, 27, 5, 27, 5, 27, 5, 27, 5, 27, 5, 27, 5, 27, 5, 27, 5, 27, 5, 27, 5, 27, 5, 27, 5, 27, 5, 27, 5, 27, 5, 27, 5, 27, 5, 28, 5, 5, 27, 5, 27, 5, 27, 5, 27, 5, 27, 5, 27, 5, 27, 5, 27, 5, 27, 5, 27, 5, 27, 5, 27, 5, 27, 5, 27, 5, 27, 5, 27, 5, 27, 5, 27, 5, 27, 5, 27, 5, 27, 5, 27, 5, 27, 5, 28, 5, 5, 27, 5, 27, 5, 27, 5, 27, 5, 27, 5, 27, 5, 27, 5, 27, 5, 27, 5, 27, 5, 27, 5, 27, 5, 27, 5, 27, 5, 27, 5, 27, 5, 27, 5, 27, 5, 27, 5, 27, 5, 27, 5, 27, 5, 27, 5, 28, 5, 5, 27, 5, 27, 5, 27, 5, 27, 5, 27, 5, 27, 5, 27, 5, 27, 5, 27, 5, 27, 5, 27, 5, 27, 5, 27, 5, 27, 5, 27, 5, 27, 5, 27, 5, 27, 5, 27, 5, 27, 5, 27, 5, 27, 5, 27, 5, 28, 5, 5, 27, 5, 27, 5, 27, 5, 27, 5, 27, 5, 27, 5, 27, 5, 27, 5, 27, 5, 27, 5, 27, 5, 27, 5, 27, 5, 27, 5, 27, 5, 27, 5, 27, 5, 27, 5, 27, 5, 27, 5, 27, 5, 27, 5, 27, 5, 28]

== dependency-barrier decisions (MLX_OMARCHY_GATED_BARRIERS)
   dispatch barriers: emitted=26428 skipped=0 (0.0% skipped)
   all nodes incl. transfer/fill: emitted=52856 skipped=0

== per host-marker window (a dispatch sits in its submission's
   window; records flush late at joins; windows are NOT
   semantic phases - an async pipeline can submit the next
   decode step before the first token yields, so boundary
   work lands in the earlier window)
   decode: dispatches=23994 gpu_busy=590.063ms joins=1488 join_wait_total=3279.772ms
   prefill: dispatches=2434 gpu_busy=66.886ms joins=239 join_wait_total=3139.292ms
   dispatches/decode-interval: 774.0 (23994 over 31 inter-token intervals; the first decode submit may sit in the prefill window)
   submissions/decode-interval: 49.0 (1519 over 31 intervals)
   join wait per decode-interval: 105.799ms
   dispatch barriers/decode-interval: 774.0 (23994 emitted over 31 intervals)
